666
2275
15
2850
7
2485
13
230
3163
1110
105
946
1319
231
492
0
2016
2410
21
1830
1
1768
0
2346
55
3570
4465
2775
1
1711
253
1431
561
2080
6
21
1
561
0
377
861
2211
0
210
3916
28
253
2016
0
120
3567
120
153
1176
4560
28
1830
28
171
780
2016
1431
231
1176
651
251
2415
55
2556
1655
773
351
3081
555
1176
6
4651
190
7
990
1128
0
0
120
136
3160
2628
377
666
1128
1431
4851
0
528
120
1
1
1225
2572
8
300
435
300
0
36
0
1128
0
4560
528
325
0
2624
55
4371
3
153
4
703
231
1653
0
1
1313
15
2145
325
28
2485
665
1
35
10
1830
2278
1121
1324
1
0
0
0
406
15
2145
190
171
4143
2078
10
1035
2395
3828
903
0
4278
528
495
4095
1711
1431
3240
4095
2556
55
583
28
153
8
1653
2775
903
1482
1431
0
946
120
2210
300
91
3633
741
1830
2556
2628
1128
120
4465
171
4371
3828
946
1225
561
337
1711
1176
1
1
2330
3655
3
120
595
1
43
1430
740
120
1485
28
6
4656
55
945
780
0
1081
398
903
27
120
2211
465
741
3160
4245
1540
2278
528
946
231
6
36
58
276
4840
406
325
15
120
1891
1711
78
4444
1224
36
3655
3160
946
54
818
380
3160
21
1
8
2210
2555
1485
171
3916
3
1081
1
1540
666
28
3160
1431
2278
105
2145
435
2911
1431
433
1596
1485
78
276
458
78
78
253
3486
253
1
3
9
36
3885
2259
21
4278
1225
989
325
2849
66
943
3074
6
136
2
0
3912
666
435
300
1077
150
253
35
4005
1770
435
10
1830
26
2065
1081
1596
2865
1081
703
276
528
6
1431
2211
348
3569
496
210
0
55
1596
1540
1378
210
1224
171
113
6
13
4371
945
2850
1374
3081
1
4656
3228
4003
6
3916
0
120
1
2278
120
903
1128
120
561
2145
28
861
1
406
820
4186
2278
320
780
1035
214
1377
630
2211
10
2628
1225
3079
253
2775
496
1540
0
561
253
9
406
2278
18
2485
1035
0
170
1891
2850
21
8
2346
561
45
594
6
1031
6
6
4623
1711
21
561
45
55
120
3916
190
253
55
1540
55
36
630
1953
6
6
1953
406
0
1596
2143
1485
7
4656
859
3741
6
1830
990
3403
3403
10
861
55
3916
699
1128
1431
3827
1
2080
4278
1035
661
4465
2485
0
630
1952
526
4655
595
324
435
3239
1326
345
190
2485
0
1887
351
2346
34
1540
4465
740
1653
171
630
666
1081
15
73
1075
120
210
2080
2145
190
703
3321
820
3
1953
3570
42
1034
1576
28
4
4095
435
297
252
10
2211
1
0
116
0
903
1830
1
6
4656
120
3426
903
171
66
120
325
0
1596
1173
28
6
903
819
91
1485
3570
1378
28
49
351
1770
777
325
988
55
45
0
28
1
105
1128
404
3
4753
561
91
1
103
1225
91
378
3321
2278
3916
349
51
4560
55
2485
3486
11
28
0
2012
1
463
190
28
0
6
0
3003
2
1423
740
6
136
1891
1
210
2275
528
645
169
6
1431
3827
4371
91
4744
210
4465
325
55
3240
1
0
378
1830
21
4278
253
28
2485
516
77
2278
2346
0
990
990
594
780
1225
231
1431
1378
465
210
3160
3486
406
2850
26
1485
1
6
1176
4750
1
28
6
0
1588
2
1
1953
3081
70
4465
3916
2752
350
3081
0
4950
1
1325
45
120
1326
1035
1323
561
0
702
120
136
210
435
3158
108
171
6
35
2556
55
2211
1
588
2485
2551
1425
4180
0
1377
1
6
1470
1081
820
666
225
351
10
14
2628
496
4371
1540
406
903
6
36
1
10
28
3158
1
861
1540
2628
0
28
861
6
66
2507
2511
3317
171
1
4949
3741
1
0
15
1953
120
21
28
1830
3651
435
314
170
2926
703
4278
36
3570
2209
351
2080
6
0
1378
0
2080
3741
46
2775
0
3570
4005
1
28
171
2211
28
1431
1175
3
4360
1485
36
1540
28
91
91
3652
253
21
276
2705
6
4005
0
2346
351
0
429
861
3715
3390
703
780
17
189
4465
952
528
2
6
28
351
1878
929
2556
41
820
36
0
3160
4851
0
1485
1
1
6
4261
325
91
990
1157
10
2466
1081
105
703
571
6
105
28
545
1176
4
3916
0
30
0
66
0
448
2415
528
464
21
3403
167
210
895
28
607
45
105
3160
70
1830
0
0
2026
27
4278
2485
2346
3321
47
2556
378
1128
1953
990
1
990
3570
1128
6
6
1
496
3570
703
28
2850
741
5
2701
2080
231
91
2485
1
465
21
1366
1035
4560
171
1035
21
4278
1
28
2016
3486
120
1035
1035
595
78
1759
2278
465
66
1
4371
105
324
2556
2346
48
6
780
1596
1758
231
2483
2145
1596
861
666
351
496
0
4425
4465
105
1485
1035
3828
3237
595
4950
28
1035
1711
2849
350
1485
6
3002
780
2326
6
0
528
2346
325
0
3741
3321
2926
341
1891
1574
30
2701
0
990
14
0
1128
1275
3567
6
703
351
21
5
0
0
4462
3403
816
1431
105
0
1326
55
1
2628
406
120
1173
5
300
404
2522
146
487
0
1711
103
1
741
1701
1830
0
1225
